/*---------------------------------------------------------------------------*\
Description
{
	object		boundary-flags;
}
\*---------------------------------------------------------------------------*/

6
(
	solid		1	: [52, 53, 54, 55, 56, 57, 58, 59, 60, 61, 62, 63, 64, 65, 66, 67, 68, 69, 70, 71, 72, 73, 74, 75, 76, 77, 78, 79, 80, 81, 82, 83, 84, 85, 86, 87, 88, 89, 90, 91, 92, 93, 94, 95, 96, 97, 98, 99, 100, 101, 102, 103, 104, 105, 106, 107, 108, 109, 110, 111, 112, 113, 114, 115, 116, 117, 118, 119, 120, 121, 122, 123]
	inlet		2	: []
	outlet		3	: [1, 173, 174, 346, 347, 519, 520, 692, 693, 865, 866, 1038, 1039, 1211, 1212, 1384, 1385, 1557, 1558, 1730, 1731, 1903, 1904, 2076, 2077, 2249, 2250, 2422, 2423, 2595, 2596, 2768, 2769, 2941, 2942, 3114, 3115, 3287, 3288, 3460, 3461, 3633, 3634, 3806, 3807, 3979, 3980, 4152, 4153, 4325, 4326, 4498, 4499, 4671, 4672, 4844, 4845, 5017, 5018, 5190, 5191, 5363, 5364, 5536, 5537, 5709, 5710, 5882, 5883, 6055, 6056, 6228, 6229, 6401, 6402, 6574, 6575, 6747, 6748, 6920, 6921, 7093, 7094, 7266, 7267, 7439, 7440, 7612, 7613, 7785, 7786, 7958, 7959, 8131, 8132, 8304, 8305, 8477, 8478, 8650]
	farfield	4	: [8478, 8479, 8480, 8481, 8482, 8483, 8484, 8485, 8486, 8487, 8488, 8489, 8490, 8491, 8492, 8493, 8494, 8495, 8496, 8497, 8498, 8499, 8500, 8501, 8502, 8503, 8504, 8505, 8506, 8507, 8508, 8509, 8510, 8511, 8512, 8513, 8514, 8515, 8516, 8517, 8518, 8519, 8520, 8521, 8522, 8523, 8524, 8525, 8526, 8527, 8528, 8529, 8530, 8531, 8532, 8533, 8534, 8535, 8536, 8537, 8538, 8539, 8540, 8541, 8542, 8543, 8544, 8545, 8546, 8547, 8548, 8549, 8550, 8551, 8552, 8553, 8554, 8555, 8556, 8557, 8558, 8559, 8560, 8561, 8562, 8563, 8564, 8565, 8566, 8567, 8568, 8569, 8570, 8571, 8572, 8573, 8574, 8575, 8576, 8577, 8578, 8579, 8580, 8581, 8582, 8583, 8584, 8585, 8586, 8587, 8588, 8589, 8590, 8591, 8592, 8593, 8594, 8595, 8596, 8597, 8598, 8599, 8600, 8601, 8602, 8603, 8604, 8605, 8606, 8607, 8608, 8609, 8610, 8611, 8612, 8613, 8614, 8615, 8616, 8617, 8618, 8619, 8620, 8621, 8622, 8623, 8624, 8625, 8626, 8627, 8628, 8629, 8630, 8631, 8632, 8633, 8634, 8635, 8636, 8637, 8638, 8639, 8640, 8641, 8642, 8643, 8644, 8645, 8646, 8647, 8648, 8649, 8650]
	symmetry	5	: []
	periodic	6	: []
)