/*---------------------------------------------------------------------------*\
Description
{
	object		boundary-flags;
}
\*---------------------------------------------------------------------------*/

6
(
	solid		1	: [51, 52, 53, 54, 55, 56, 57, 58, 59, 60, 61, 62, 63, 64, 65, 66, 67, 68, 69, 70, 71, 72, 73, 74, 75, 76, 77, 78, 79, 80, 81, 82, 83, 84, 85, 86, 87, 88, 89, 90, 91, 92, 93, 94, 95, 96, 97, 98, 99, 100, 101, 102, 103, 104]
	inlet		2	: [4671, 4672, 4673, 4674, 4675, 4676, 4677, 4678, 4679, 4680, 4681, 4682, 4683, 4684, 4685, 4686, 4687, 4688, 4689, 4690, 4691, 4692, 4693, 4694, 4695, 4696, 4697, 4698, 4699, 4700, 4701, 4702, 4703, 4704, 4705, 4706, 4707, 4708, 4709, 4710, 4711, 4712, 4713, 4714, 4715, 4716, 4717, 4718, 4719, 4720, 4721, 4722, 4723, 4724]
	outlet		3	: [1, 155, 309, 463, 617, 771, 925, 1079, 1233, 1387, 1541, 1695, 1849, 2003, 2157, 2311, 2465, 2619, 2773, 2927, 3081, 3235, 3389, 3543, 3697, 3851, 4005, 4159, 4313, 4467, 4621, 154, 308, 462, 616, 770, 924, 1078, 1232, 1386, 1540, 1694, 1848, 2002, 2156, 2310, 2464, 2618, 2772, 2926, 3080, 3234, 3388, 3542, 3696, 3850, 4004, 4158, 4312, 4466, 4620, 4774]
	farfield	4	: [4621, 4622, 4623, 4624, 4625, 4626, 4627, 4628, 4629, 4630, 4631, 4632, 4633, 4634, 4635, 4636, 4637, 4638, 4639, 4640, 4641, 4642, 4643, 4644, 4645, 4646, 4647, 4648, 4649, 4650, 4651, 4652, 4653, 4654, 4655, 4656, 4657, 4658, 4659, 4660, 4661, 4662, 4663, 4664, 4665, 4666, 4667, 4668, 4669, 4670, 4671, 4724, 4725, 4726, 4727, 4728, 4729, 4730, 4731, 4732, 4733, 4734, 4735, 4736, 4737, 4738, 4739, 4740, 4741, 4742, 4743, 4744, 4745, 4746, 4747, 4748, 4749, 4750, 4751, 4752, 4753, 4754, 4755, 4756, 4757, 4758, 4759, 4760, 4761, 4762, 4763, 4764, 4765, 4766, 4767, 4768, 4769, 4770, 4771, 4772, 4773, 4774]
	symmetry	5	: []
	periodic	6	: []
)